
-804
-77
-112
-79
-109
-82
-110
-115
-87
-117
-78
-86
-79
-79
-118
-74
-84
-86
-74
-116
-77
-81
-83
-76
-75
-74
-79
-75
-82
-77
-113
-77
-73
-73
-87
-112
-115
-118
-74
-78
-81
-74
-76
-77
-130
-90
-116
-73
-79
-76
-75
-96
-76
-77
-83
-77
-76
-82
-71
-73
-73
-72
-76
-78
-80
-72
-76
-72
-127
-75
-74
-72
-78
-79
-93
-78
-123
-117
-73
-73
-118
-81
-114
-73
-107
-78
-75
-82
-76
-72
-72
-115
-75
-79
-89
-73
-72
-86
-80
-74
-69
-79
-77
-84
-82
-113
-137
-77
-75
-74
-72
-77
-75
-77
-80
-73
-77
-122
-73
-73
-72
-75
-74
-77
-82
-81
-78
-71
-82
-73
-76
-78
-78
-81
-75
-80
-81
-78
-73
-87
-71
-107
-73
-79
-79
-117
-72
-76
-79
-102
-73
-77
-90
-74
-76
-74
-75
-83
-74
-75
-75
-75
-74
-71
-75
-79
-109
-86
-92
-77
-80
-107
-81
-80
-78
-78
-79
-73
-75
-98
-87
-78
-77
-75
-74
-140
-145
-81
-102
-108
-78
-82
-73
-74
-143
-112
-77
-92
-78
-81
-77
-111
-79
-75
-73
-73
-74
-73
-74
-75
-77
-72
-116
-76
-73
-74
-85
-72
-73
-86
-68
-83
-90
-82
-72
-76
-74
-72
-75
-71
-73
-72
-81
-71
-74
-74
-72
-69
-72
-82
-79
-71
-90
-95
-72
-86
-77
-88
-71
-72
-72
-115
-76
-73
-75
-69
-72
-75
-79
-74
-76
-76
-71
-87
-77
-80
-78
-72
-70
-73
-76
-76
-90
-86
-73
-84
-72
-71
-70
-74
-73
-74
-103
-91
-74
-72
-70
-79
-72
-76
-79
-85
-71
-73
-81
-69
-76
-82
-71
-87
-75
-73
-75
-72
-80
-77
-74
-72
-154
-96
-76
-96
-125
-93
-81
-74
-82
-75
-72
-74
-71
-75
-71
-71
-71
-71
-72
-70
-74
-74
-73
-72
-73
-73
-75
-110
-86
-72
-70
-68
-71
-78
-74
-94
-80
-79
-76
-71
-70
-73
-73
-70
-69
-73
-70
-71
-69
-70
-103
-73
-73
-80
-88
-90
-77
-73
-85
-78
-74
-79
-89
-83
-81
-77
-78
-82
-81
-71
-72
-72
-68
-70
-70
-70
-125
-69
-102
-74
-71
-80
-71
-69
-74
-78
-70
-77
-87
-74
-72
-71
-75
-70
-76
-69
-74
-78
-100
-84
-79
-73
-71
-79
-79
-74
-72
-73
-72
-74
-72
-93
-221
-70
-73
-70
-107
-70
-82
-70
-73
-72
-75
-77
-71
-77
-71
-71
-70
-72
-70
-73
-76
-73
-76
-86
-87
-80
-98
-79
-99
-85
-70
-71
-89
-79
-73
-81
-75
-72
-118
-75
-69
-70
-77
-70
-73
-75
-71
-74
-80
-77
-77
-77
-70
-69
-97
-72
-70
-94
-77
-107
-86
-73
-70
-70
-78
-73
-71
-73
-110
-73
-78
-76
-78
-77
-82
-70
-83
-71
-109
-81
-74
-73
-70
-68
-72
-71
-72
-72
-72
-72
-75
-84
-79
-111
-76
-84
-78
-72
-102
-141
-87
-80
-84
-98
-88
-85
-84
-78
-85
-77
-119
-107
-110
-70
-74
-74
-72
-70
-70
-71
-74
-99
-72
-174
-82
-130
-71
-69
-78
-69
-77
-74
-70
-81
-78
-72
-70
-75
-69
-71
-77
-72
-70
-76
-92
-77
-73
-77
-80
-74
-73
-72
-74
-72
-74
-74
-73
-73
-72
-72
-70
-79
-85
-70
-72
-70
-84
-76
-73
-72
-88
-102
-170
-145
-72
-80
-70
-75
-72
-75
-74
-87
-77
-69
-76
-74
-76
-70
-79
-72
-75
-72
-70
-73
-70
-71
-69
-75
-80
-88
-74
-73
-82
-78
-103
-74
-72
-80
-86
-89
-91
-82
-71
-81
-76
-101
-83
-73
-71
-90
-73
-71
-71
-70
-95
-74
-75
-76
-143
-87
-95
-78
-182
-72
-72
-75
-73
-69
-74
-75
-72
-72
-72
-73
-85
-76
-72
-71
-86
-76
-76
-72
-72
-73
-72
-72
-72
-82
-71
-77
-98
-75
-72
-76
-72
-90
-76
-73
-73
-75
-75
-75
-73
-79
-75
-71
-72
-75
-83
-71
-80
-79
-87
-71
-77
-73
-73
-77
-83
-72
-71
-73
-81
-115
-80
-84
-213
-149
-94
-82
-73
-74
-206
-75
-112
-166
-83
-75
-85
-78
-74
-76
-78
-76
-74
-86
-74
-89
-75
-79
-89
-73
-97
-84
-76
-76
-115
-69
-71
-72
-72
-72
-70
-70
-75
-73
-72
-76
-74
-76
-71
-72
-78
-77
-76
-84
-80
-98
-102
-94
-102
-80
-83
-77
-122
-84
-106
-91
-121
-112
-97
-78
-74
-78
-79
-110
-82
-180
-135
-634
-153
-268
-124
-75
-87
-86
-79
-83
-78
-77
-78
-97
-129
-96
-79
-139
-106
-139
-72
-73
-81
-75
-81
-76
-77
-78
-209
-332
-119
-76
-72
-104
-79
-71
-78
-95
-76
-75
-81
-70
-72
-76
-75
-72
-73
-70
-70
-70
-72
-72
-82
-73
-75
-76
-82
-83
-114
-71
-72
-77
-74
-115
-72
-112
-92
-89
-118
-73
-77
-77
-85
-71
-75
-73
-91
-73
-76
-75
-137
-130
-82
-98
-77
-78
-72
-74
-72
-74
-78
-78
-113
-73
-85
-78
-79
-81
-79
-73
-74
-89
-98
-69
-74
-71
-94
-73
-72
-76
-78
-72
-84
-84
-78
-75
-82
-88
-104
-110
-114
-85
-151
-126
-266
-104
-73
-77
-74
-75
-72
-121
-117
-83
-75
-81
-76
-73
-83
-86
-78
-72
-89
-72
-81
-79
-73
-74
-71
-73
-72
-75
-74
-71
-71
-79
-115
-82
-76
-72
-69
-72
-71
-73
-68
-75
-71
-76
-75
-73
-69
-86
-108
-77
-89
-82
-80
-72
-72
-72
-87
-113
-77
-94
-84
-70
-74
-87
-73
-69
-86
-73
-73
-81
-92
-163
-200
-106
-90
-92
-113
-107
-72
-167
-79
-132
-355
-135
-72
-79
-94
-92
