
-844
-91
-113
-121
-79
-85
-78
-78
-81
-95
-106
-88
-128
-93
-85
-81
-118
-87
-85
-85
-190
-130
-86
-123
-99
-75
-76
-76
-114
-82
-85
-81
-102
-118
-81
-79
-82
-115
-115
-129
-91
-77
-85
-111
-90
-82
-76
-80
-79
-80
-77
-86
-78
-80
-91
-80
-74
-113
-83
-119
-77
-80
-81
-79
-72
-80
-74
-77
-76
-74
-77
-71
-71
-112
-78
-79
-153
-101
-77
-86
-74
-82
-76
-77
-126
-86
-79
-73
-73
-78
-84
-115
-113
-80
-120
-114
-121
-78
-113
-115
-80
-109
-75
-122
-89
-138
-86
-91
-86
-86
-91
-84
-105
-103
-104
-111
-104
-114
-135
-82
-98
-95
-90
-99
-90
-84
-80
-97
-82
-103
-99
-97
-89
-91
-92
-96
-89
-93
-93
-82
-90
-90
-95
-81
-92
-84
-83
-204
-120
-77
-84
-75
-85
-85
-87
-111
-75
-86
-74
-78
-76
-77
-102
-203
-199
-201
-198
-200
-142
-106
-103
-104
-76
-78
-80
-83
-76
-77
-75
-80
-79
-74
-76
-89
-87
-77
-80
-76
-81
-76
-78
-79
-89
-76
-76
-76
-77
-76
-78
-77
-74
-76
-75
-74
-85
-91
-99
-75
-76
-113
-77
-81
-73
-112
-73
-82
-81
-75
-75
-79
-79
-79
-80
-82
-79
-91
-80
-81
-88
-85
-82
-80
-80
-73
-151
-135
-75
-79
-73
-75
-74
-83
-74
-77
-81
-75
-75
-83
-99
-77
-77
-82
-74
-81
-82
-75
-90
-139
-76
-79
-81
-77
-77
-78
-79
-76
-100
-83
-80
-73
-79
-76
-75
-78
-73
-97
-108
-122
-95
-195
-76
-79
-77
-75
-77
-75
-78
-75
-74
-84
-71
-75
-76
-70
-80
-76
-88
-81
-75
-80
-72
-76
-79
-78
-74
-78
-83
-77
-79
-77
-73
-81
-74
-78
-78
-75
-75
-74
-76
-72
-72
-76
-81
-75
-75
-73
-72
-82
-76
-76
-74
-76
-116
-138
-106
-74
-77
-73
-74
-94
-73
-130
-89
-75
-80
-88
-93
-85
-80
-75
-88
-84
-82
-77
-81
-80
-141
-94
-112
-72
-79
-111
-82
-78
-76
-72
-77
-107
-204
-196
-108
-79
-82
-76
-78
-101
-78
-83
-75
-85
-77
-74
-78
-89
-75
-77
-79
-77
-71
-82
-74
-79
-72
-82
-106
-101
-75
-78
-79
-88
-115
-92
-82
-191
-91
-104
-109
-91
-77
-80
-81
-79
-116
-83
-76
-94
-78
-78
-78
-98
-80
-84
-76
-82
-79
-74
-82
-76
-77
-79
-84
-78
-74
-117
-86
-79
-76
-78
-77
-90
-103
-77
-76
-71
-71
-75
-79
-85
-80
-81
-86
-75
-83
-79
-84
-76
-75
-80
-87
-76
-77
-74
-82
-75
-122
-90
-107
-77
-73
-93
-146
-140
-77
-113
-80
-91
-72
-73
-73
-79
-114
-86
-118
-76
-76
-75
-75
-76
-91
-84
-80
-128
-77
-76
-78
-74
-75
-114
-77
-76
